epoch	loss	acc	val_loss	val_acc
0	2.3613893455139143	0.8703984878532474	0.8455695220757098	0.6590866815476191
1	0.8723895889699984	0.9491974467030243	13.927026924632845	0.0744047619047619
2	0.6523888745600516	0.9618709717402082	0.3474795790624783	0.8743024553571429
3	0.5111383714943563	0.9692767724343084	7.246149722309339	0.08068266369047619
4	0.43653125900116757	0.9732895389191869	1.058346245859173	0.8082682291666666
5	0.37553409253162584	0.9772558254833912	0.3540843332275039	0.8521205357142857
6	0.34058401620465234	0.9800601140307387	14.0919488966465	0.09128534226190477
7	0.29473442943564937	0.9816559246405553	0.4137674338583435	0.8552362351190477
8	0.26806169472707286	0.9831277887952404	0.6944009385548443	0.7813430059523809
9	0.23617152142027706	0.98432077342588	3.814397886927639	0.7187034970238095
10	0.2222429679402639	0.9858391175012394	3.2708691464116177	0.7414899553571429
11	0.20843091798460514	0.9860560237977194	1.372590468309465	0.7220052083333334
12	0.19336191881682363	0.9875123946455131	1.228638772675324	0.7864118303571429
13	0.17417897177779568	0.9883800198314329	3.272119431889483	0.7262834821428571
14	0.15799639131571408	0.9894955379276152	16.06344242181097	0.002139136904761905
15	0.15869117482522863	0.9892786316311354	15.155833847465969	0.041294642857142856
16	0.1543454912794273	0.9898983639067923	1.9014941771581237	0.7719029017857143
17	0.12768680717852995	0.990843455627169	5.040776208397888	0.38881138392857145
18	0.12358291114114957	0.9915251611303917	0.08321394744629493	0.9860956101190477
19	0.12442245545293641	0.991649107585523	9.396055668592453	0.3459356398809524
20	0.10273353198469774	0.9926251859196827	10.896408156270073	0.13941592261904762
21	0.1008009564717442	0.9927026524541398	12.213247514906383	0.17354910714285715
22	0.1009575156968255	0.9925787059990084	0.04215789370870143	0.9891183035714286
23	0.09798544772636181	0.992857585523054	2.534704559150019	0.7391648065476191
24	0.08937627345411985	0.9932759048091224	0.05507349566559177	0.9889787946428571
25	0.08944159220687904	0.9937561973227566	0.04094351924015341	0.9893973214285714
26	0.08551399675517651	0.9937252107089737	0.03911263898361367	0.9906063988095238
27	0.08266698247229012	0.9942674764501735	0.04907566348971332	0.9863746279761905
28	0.0756281472542539	0.9948562221120476	0.30386944783224734	0.9399181547619048
29	0.061706387861292435	0.9950886217154189	0.09606030396386293	0.9813058035714286
30	0.06786566625052876	0.9951505949429846	0.04341247547460133	0.9903738839285714
31	0.06160697486149664	0.9958477937530986	0.04388366230589435	0.9906063988095238
32	0.06406271350523994	0.9951970748636589	1.145515524922216	0.8790457589285714
33	0.0613872553221665	0.995677367377293	0.04723317027632913	0.9884672619047619
34	0.05353430851552996	0.9961421665840356	15.418402624981743	0.035435267857142856
35	0.04950638133197322	0.9961111799702529	0.0367761049491589	0.9907924107142857
36	0.06457171436600741	0.9951970748636589	0.051810844436821366	0.9890252976190477
37	0.05684172682685092	0.995785820525533	0.03560625224498554	0.9908854166666666
38	0.05066294688516436	0.9960647000495786	0.03788670707125773	0.9914434523809523
39	0.06097939418538109	0.995568914229053	0.044636620298838296	0.9897693452380952

21528/21528 Acc: 0.9847175771088814 Pred:Normal Answer: Normal
Normal:14935/15004=0.9954012263396428,
 LBBB:1597/1615=0.9888544891640867,
 RBBB:1417/1452=0.9758953168044077,
 APC:377/509=0.7406679764243614,
 PVC:1369/1426=0.9600280504908836,
 PAB:1403/1405=0.998576512455516,
 VEB:17/22=0.7727272727272727,
 VFW:84/95=0.8842105263157894
