epoch	loss	acc	val_loss	val_acc
0	0.45608235309990175	0.9047161626177491	0.29196737844696535	0.9205264136904762
1	0.1535331129039193	0.9627540902330194	11.579754862047377	0.10677083333333333
2	0.1172442829622977	0.9697725582548339	2.480876958973351	0.6302083333333334
3	0.09129382030155102	0.9757529747149232	2.758085148675101	0.39504278273809523
4	0.07860853126840264	0.9789445959345563	13.302456824552445	0.0671968005952381
5	0.0664242068964452	0.9819348041646009	15.424351744708561	0.02952938988095238
6	0.059742688486172715	0.9836080813088746	2.11149910358446	0.7714378720238095
7	0.05253219506554984	0.9855447446703024	2.9528557197856053	0.6987537202380952
8	0.04844930654307495	0.9863658899355479	6.981963941738719	0.09565662202380952
9	0.04256253207028713	0.9875588745661874	8.875966573045368	0.27920386904761907
10	0.0403882018219901	0.9883800198314329	0.6096678809262812	0.8497953869047619
11	0.038591943459332395	0.989046232027764	3.3061247519439174	0.7094959077380952
12	0.034902293983754905	0.9897124442240952	0.12132413447640526	0.9610305059523809
13	0.032071478334185104	0.9907504957858205	0.08508933296040293	0.9798642113095238
14	0.030357824147371395	0.9914012146752603	0.03720393939411657	0.990234375
15	0.029112378519596534	0.9916336142786316	0.03285082623361155	0.9920944940476191
16	0.027400387684330618	0.9916336142786316	1.0980027542391326	0.8801153273809523
17	0.026104388389764175	0.99226883986118	1.2991466299526153	0.8754650297619048
18	0.023722344309150555	0.9926251859196827	0.03526219188567362	0.9907459077380952
19	0.021663112467496314	0.9934463311849281	2.051518904555234	0.7996651785714286
20	0.02245838978352283	0.9932759048091224	1.107528021936083	0.7954334077380952
21	0.020141129476967782	0.9936632374814081	0.46160610401005087	0.8650483630952381
22	0.01904524138777821	0.9939421170054537	0.035514146361785084	0.9910249255952381
23	0.01675673685126263	0.9946857957362419	0.08418537295126173	0.9776320684523809
24	0.017283685016385934	0.9946238225086762	0.3798817017085899	0.9541015625
25	0.01579544238462227	0.9946703024293505	0.03903076772948701	0.9898158482142857
26	0.015288235783696093	0.9952435547843331	0.03879999650432421	0.9910714285714286
27	0.016303088551806764	0.9947942488844819	0.04802344190537291	0.9897228422619048
28	0.013267012730357707	0.9958013138324244	1.052874142259714	0.8178013392857143
29	0.014542411026203558	0.995491447694596	0.04290848216183057	0.9910249255952381
30	0.012142032774765646	0.9964055528011899	1.9363115732932263	0.8157552083333334
31	0.013347105542501018	0.9955069410014874	0.0350075619732728	0.9912574404761905
32	0.011492927712388192	0.9962661130391671	0.05163743831785507	0.9873976934523809
33	0.011117246463439255	0.9964210461080814	5.700730978733017	0.5628255208333334
34	0.011343910493979875	0.996483019335647	0.04189268809795435	0.9903738839285714
35	0.011657603706378788	0.9962351264253843	0.04432747859197913	0.9913504464285714
36	0.010024830591486981	0.9968238720872583	0.109613661092306	0.9834449404761905
37	0.010567897777367677	0.9965294992563213	0.346276829952952	0.9592633928571429
38	0.009342527476691221	0.9969478185423897	0.044817925377266137	0.9904203869047619
39	0.01055790293975666	0.9967928854734754	0.07470656343012608	0.9872116815476191

21528/21528 Acc: 0.9855072463768116 Pred:Normal Answer: Normal
Normal:14914/15004=0.994001599573447,
 LBBB:1594/1615=0.9869969040247678,
 RBBB:1422/1452=0.9793388429752066,
 APC:409/509=0.8035363457760314,
 PVC:1375/1426=0.9642356241234221,
 PAB:1402/1405=0.997864768683274,
 VEB:17/22=0.7727272727272727,
 VFW:83/95=0.8736842105263158

